C10orf55	TNS1-AS1	AL117329.1	AC010789.1	LINC02672	LINC01537	LINC01940	AL023755.1	AC107419.1	AC011287.1	LINC01436	AC005064.1	CNTFR-AS1	UNC5B-AS1	HOXA11-AS	AC112206.2	LINC01234	PURPL	AC010343.3	LINC01605	AC091182.2	LINC02055	AP003555.1	LINC02688	AP000880.1	TBX5-AS1	RHOXF1-AS1	LINC00930	LINC01269	LINC02820	LINC01711	AC087623.2	AC010913.1	AC009159.3	FP236383.3	AC018865.2	AC092979.2	AL732437.2	condition
2.5086	1.0962	0.0196	0.1029	0.5826	0.6913	1.2675	0.3551	0.0276	0.2753	7.2724	0.0345	0.0362	4.525	0.1805	0.1473	0	0.0168	0.2606	10.5715	4.3953	0.1402	30.0708	0.3826	0.3953	0.0896	2.4107	0.0607	1.563	0.1813	5.8382	1.7139	0.1628	3.5109	0.0214	0	0.5477	0.519	1
0.595	1.5177	0.0142	0	0	0.0832	0.0974	0.1763	0.0898	0.102	4.8641	0.0249	0	3.2686	0.1304	0.1383	0.0225	0.2305	0.2092	3.4386	1.5287	0.064	3.6036	0.1974	0.0571	0	1.0067	0.3654	0.5645	0.131	3.7252	2.0428	0.1411	1.5217	0.0155	0.0331	1.5034	0.2019	1
0.8027	3.305	0.0225	0	0	0.2402	0.3855	0.2181	0.3948	0.1261	3.2884	0.0308	0.0323	6.5388	0.1075	0.1448	0	0.5101	3.6477	10.8795	5.526	0.0429	5.1992	0.2685	0.1413	0.02	1.5815	0.1446	5.7246	0.3239	9.4745	1.2248	0.2036	1.7772	0	0	1.3699	0.0713	1
0.8425	0.7708	0.065	0.0724	0.1639	0.162	0.1138	0.3277	0.1651	0.1241	1.3257	0.0486	0	4.3981	0.0212	0.0932	0.0273	0.059	0.448	1.7822	0.9157	0.0311	2.6308	2.1713	0.0556	0.0315	1.5361	0.4837	1.5386	0.1275	4.4471	2.6512	0.2518	1.728	0	0.1127	0.8472	0.0561	1
0.7489	2.582	0.0024	0	0	0.1336	1.3838	0.0386	0.0481	0.0061	7.4959	0.0901	0	1.2732	0.2878	0.0641	0.0068	0	0.1763	1.2366	0.1416	0.0064	14.9439	0.9507	0.2063	0.039	78.3576	0.0176	2.4467	0	4.485	1.2669	0.0283	1.4249	0	0	0	0.0694	1
0.7725	1.0208	0.0385	12.7429	0	0.066	0.1391	10.1866	0.0237	5.4492	18.2139	0.1187	1.2434	2.0592	0.1034	0.2279	0.0267	0.0577	0	2.3383	1.1195	0.0127	1.4294	0.1879	0.1359	0.0385	0.9066	0.0696	0	0.3117	1.5056	2.2099	0.3358	1.006	8.7231	1.3782	12.4289	0	1
0.9321	1.5161	0.0019	0	0.0806	0.1593	0.0559	0.0921	0	0.0146	4.5323	0	0.025	13.9887	0.8528	0.0102	0.043	0.0116	0.0601	0.684	1.0131	0.0077	1.5332	1.2473	0.3827	0.031	1.7973	0.4058	2.9182	0.1254	1.0093	1.0074	0.4728	2.6706	0	0.1425	0.0757	0.0828	1
1.1597	1.4147	0.0485	0.5627	0	0.8046	1.302	0.3234	0.0252	0.0257	1.9629	0.0944	0.8894	7.8802	0.0548	0.0939	0.0425	5.5836	1.8467	4.5615	2.8175	0.0471	7.7002	0.3983	0.3601	0	4.8037	0.2396	1.4238	0.1651	3.9887	7.2598	0.1779	2.3454	0.039	0	1.0976	0.1091	1
2.86	0.7719	0.0038	0.1392	0.0394	0.0779	1.2578	0.03	0.0093	0.0048	3.0345	0.0467	0.2689	22.9401	0.61	0.0199	0.042	0.3519	0.783	2.4237	1.2104	0.0075	3.5595	3.3436	0	0.0151	0.5856	0.8344	0.5283	0	12.9573	7.82	0.4622	0.712	0	0.0155	0.2221	0.027	1
0.2039	0.3523	0.0013	0	0.0264	0.2265	0	0	0.0125	0.0064	1.8738	0.0313	1.0336	0.3623	0.0136	0.0134	0.0035	0.0076	0.0394	0.4207	0.4432	0.0151	0.503	5.9392	0.0359	0.0102	1.709	0.1285	0.0709	0.0823	0.7064	0.8165	0.0443	0.6372	0	0.052	0	0.0362	1
0.3765	1.6732	0.002	1.8486	0.4603	0.1103	0.1162	0.3188	0.0595	2.6874	0.8384	0.0992	0.0779	2.9634	0.1296	0.836	0.6755	0.2774	0.1664	0.3996	0.3508	0.1484	2.787	4.2204	0.0568	0.0965	1.5692	1.3081	1.3472	13.9337	3.3548	0.6771	0.2339	1.9334	0.0308	1.6288	1.8096	0.1434	1
0.9228	0.4093	0.0063	0.0769	0.087	1.5488	0.1007	0.0829	0	0.0053	6.3699	0	0	3.4787	0.1348	0.033	0.0058	0.0251	0.0865	4.0167	1.9452	0.0193	2.2768	3.2451	0.1181	0.1673	0.8439	0.1662	3.852	0.1354	5.1594	1.7919	0.1702	3.059	0.016	0.0171	0	0	1
0.6407	0.7034	0.0032	0	0.3323	0.8324	0.3384	0.0633	0.0079	0.0081	1.485	0	0	2.9603	0.6863	0.0672	0.0044	0.0096	0.1156	1.1636	1.1142	0.0021	4.1099	7.6531	0.0451	0.0383	1.0097	0.1385	3.7441	0	4.1623	1.3196	0.0186	1.7355	0	0.0653	0	0.1594	1
0.5394	3.5096	0.0108	0.2966	0.056	0.332	0	1.0231	0.0531	0.278	24.059	0.1327	0	2.173	0	0.1839	0.0075	7.9356	1.1961	0.5938	0.6254	0.0567	0.2662	124.2587	0.2278	0.0215	2.2792	2.6237	6.1549	0.3483	3.1775	1.3169	0.1564	1.3488	0	0.044	0.7364	0	1
0.3927	1.0608	0.0042	1.4654	0.0873	0.2302	0.0404	1.7956	0.0517	0.1428	14.1927	0.207	0.0542	2.6921	0.2479	0.2318	0.064	0.2013	0.1953	2.0379	0.8537	0.1244	4.3604	3.583	0.0592	0	1.1288	0.2274	7.0259	0.1358	1.7496	1.5408	0.2683	2.455	0.016	0.0515	0.5744	0.4486	1
0.3238	1.5801	0.0024	0.3561	0.1008	0.2989	0.07	0.3263	0.3345	0.1526	9.6281	0.2389	0.0938	4.4888	0.078	0.2675	0.0403	0.4647	0.4258	1.0158	1.2671	0.0287	4.4342	2.0326	0.2051	0	15.8968	2.415	0.6759	0	1.8513	1.2599	0.3097	4.5545	0.0185	0.1189	1.042	0	1
0.4758	1.1931	0.0138	3.3432	0	0.4609	0.2475	4.1674	0.0878	0.3439	4.7538	0.1219	0.0766	7.5165	0.8919	0.208	0.0165	0.1423	0.0409	5.892	0.9194	0.284	4.7937	0.9454	0.3907	0	1.1435	0.3857	2.7586	0	2.6104	1.452	0.1839	2.7265	0	0.0647	1.7013	0.4227	1
0.7859	0.142	0.0022	0.08	0.0453	0.0597	1.2998	0.0345	0.0107	0.0055	2.7919	0	0.0281	30.211	3.6013	0	1.873	0	0.0225	1.6341	1.139	0.0029	5.3864	4.759	0	0	0.8199	1.872	0.3645	0	6.8836	0.4663	0.3037	1.7286	0	0.0178	0.0852	0.1241	1
0.9713	0.3091	0	0.0581	0.1314	0.4548	0.1065	0.0375	0.0078	0.6688	4.6076	0.1168	0	76.5548	0.2036	0.0166	1.7005	0.0379	0.0653	0.7321	0.459	0.0146	3.7511	66.9953	0.0892	0.2526	3.5687	0.2511	0.5289	0	3.5119	0.6766	0.1836	1.056	0	0.0646	0	0.1126	1
1.1859	0.3701	0.0103	0	0.1287	0.1414	0.7548	0.0981	0.0102	0.6136	22.1541	0	0.0799	6.4699	4.0104	0.0326	0.0172	0.0124	0.2133	1.7304	1.1991	0.0082	5.818	1.2883	0.2912	0.066	1.193	0.4173	5.6412	0	2.0068	0.8206	0.0719	0.7758	0.0158	0	0	0.1176	1
0.1586	1.2682	0.004	0	0.0274	0.2169	0.0508	0.1253	0.0325	0.1196	0.0845	0.0812	0.1191	3.0689	0	0.0624	0.011	0.1343	0.0954	0.9019	0.3064	0.0677	0.9782	1.5819	0.0744	0.0105	0.4609	0.6856	0.8091	0	1.3279	1.0082	0.1992	0.8261	0.0403	0.0216	0.4124	0	1
1.0102	1.0681	0.0201	0.1852	0	0.4836	0.097	0.4391	0.0497	0.1905	0.969	0	0.065	8.3786	0.0541	0.053	0.028	1.0572	0.1042	2.0016	1.7569	0.0797	2.9911	0.3441	0.1422	0.0403	1.2873	0.2912	2.8114	0	4.0255	0.9248	0	1.263	33.0793	2.1836	18.5207	0	1
1.049	0.3764	0	7.1258	0.7682	0.0633	0	0.2194	0	0.0233	7.8423	0.0569	0.1192	13.8182	1.0411	0.0486	0.0256	0.083	0.1432	3.2604	1.0732	0	8.4501	1.6214	0.9122	0.2215	0.807	0.6336	5.6671	0	10.1029	1.6948	0.2146	2.7002	0	0.4907	0	0.3948	1
0.6893	2.963	0.0025	0.1805	0.0511	0.505	3.4989	6.9061	0.1574	0.2352	16.6857	0	0.1902	17.7335	0.5801	0.0258	0.0477	2.2965	2.9703	8.2917	3.5676	0.0162	8.625	0.2875	0.5545	0.0785	1.1227	0.071	4.1105	0.1589	11.6859	1.0517	0.2854	0.7181	0.0563	0.0201	0.6722	0.315	1
0.1095	1.7638	0.3407	0.2409	0.0341	0.0449	0.0158	0.805	0.4041	1.2102	0.0525	0.0202	0.0423	0.7008	0	0.1207	0.0955	1.3756	0.2372	1.0851	0.762	0.2073	2.1891	2.1746	0.1388	0	3.3058	4.2621	0.5487	3.6065	0.1139	0.5515	0.1333	0.6847	0.0125	0.1474	0.4486	0	1
0.2159	0.9097	0.0059	0	0.8245	0.2013	0.0283	0.0465	0.0072	0.0074	2.494	0.0362	0.0569	5.929	0.3941	0.054	0.0041	0.3345	0	0.2268	0.1706	0.0271	0.4358	25.9827	0.9532	0.0704	3.3956	0.9651	3.1949	0.095	1.122	1.2576	0.3754	2.7602	0	0.2281	0	0.0209	1
0.5739	0.4455	0.0065	0.1913	3.139	0.1249	0.238	0.1031	0	0.764	2.1268	0.0481	0.0336	6.5523	2.7663	0.089	6.566	0.039	0.1345	1.6941	0.6049	0.0017	5.9214	0.5839	0.1102	0.0624	0.7523	0.0846	3.7024	0	8.9936	0.9552	0.1663	1.6307	0.1193	0.0319	0	0.1112	1
0.8369	0.3623	0.002	0	1.0082	0.2215	0.0389	0.16	0.01	0	14.8243	0.0996	0	18.8077	3.275	0.0956	0	0.0121	0.0209	1.1589	0.3521	0.0027	2.0982	1.3596	0.057	0.0646	0.8148	0.4961	3.1555	0	3.5079	1.174	0.2817	2.2783	0	0.0165	0.079	0.1727	1
0.2273	0.5547	0.0024	0	0	0.1999	0.0351	0.0385	0.0839	0	0.5452	0	0.0471	2.0202	0.0261	0.0511	0.2629	0.3423	0.6908	1.9573	1.4121	0.008	2.1035	0.486	0.2058	0.0971	1.3233	0.0439	1.1524	0	1.6458	1.338	0.113	1.4719	0	0.0199	0.0475	0.0173	1
1.5975	1.1832	0.0213	0.3137	0.0888	0.2341	0.2877	0.3043	0.0421	0.043	2.5993	0.0526	0	3.4474	0.1375	0.3592	0.0355	0.0768	0.3972	1.3188	0.9922	1.8837	3.1673	2.6651	0.1205	0	1.0331	0.5858	3.0961	0	3.4101	0.914	0.2481	6.598	0.2936	0	32.213	0.9124	1
1.1166	3.0082	0.0209	0.3838	0.2896	0.3341	0.067	0.3309	0.1201	0.3597	2.7892	0.1716	0.0449	1.9845	0.1121	0.1831	0.0193	0.3965	0.5398	3.0728	1.416	0.1605	1.8942	0.7471	0.2948	0.1113	1.7318	0.176	1.1653	0	3.2646	1.0649	0.2427	1.4542	0.4523	0	1.3611	0.0496	1
1.2022	1.2151	0.0205	0.0944	0	0.3875	0.0247	0.3461	0.2027	0.0907	1.1531	0.2217	0.3981	2.9301	0.3311	0.1622	0.0285	0.3235	0.3985	2.6088	1.0454	0.0745	3.5595	0.8775	0.1451	0.1644	1.9696	1.7263	0.7169	4.3242	3.4812	2.3584	0.5077	2.684	18.5597	0	16.5801	0.2564	1
0.7357	1.4546	0.0114	0.2093	0.079	0.1301	0.0731	0.2707	0.0842	0.2918	2.4334	0.0936	0.4165	5.2302	0.3057	0.0799	0.0105	8.6706	0.157	1.5499	1.2133	0.0325	3.0046	1.8517	0.1072	0.1062	1.3016	0.3291	3.0712	0	1.3845	0.871	0.0221	2.4582	0	0.0155	0.8906	0.0541	1
0.0203	0.6946	0.0015	0	0.1266	0.1669	0	0	0.0375	0	0.1463	0	0	0.7228	0.0654	0	0.0084	0.0274	0	0.1007	0	0.006	0.0753	7.7035	0.0429	0	0.7365	0.2308	0.0849	0	0.1585	1.117	0.1945	0.5085	0	0.0249	0.0595	0.0217	1
0.5593	0.6823	0	0	0.4351	0.0956	3.2563	0.0276	0	0.0264	0.2235	0	0	3.3133	0.674	0.0183	0.4257	0	0.0721	3.463	2.2291	0	8.1075	1.871	0.1969	0.1673	0.2813	0.932	4.6695	0	13.5659	1.4934	0.0811	4.3704	0	0.0855	0.1364	0.1491	1
1.4734	1.4743	0.0161	0.2276	0.5152	0.1698	0.0835	7.4179	0.0061	3.2055	4.6049	0.0305	0.0959	2.1184	0.1995	0.7686	0.3574	0.1114	0.2433	2.4328	1.2956	0.0065	3.2474	0.1088	0.1049	0.099	0.5663	0.0626	2.8334	6.1724	5.4209	1.364	0.072	1.2936	0.0284	2.1267	0.7265	0.3001	1
0.7096	0.4947	0.0935	7.4324	6.4147	0.1733	0.0974	0.9012	0.2368	0.8983	1.8636	0.6544	0.0326	37.113	2.5518	0.1994	0.6242	0.2425	0.6534	5.2444	3.379	0.0966	5.0024	1.1098	0.1427	0.0202	4.4871	0.2557	5.078	1.1453	1.1416	5.4909	0.2938	1.1618	0.0193	0.124	1.4828	0.0721	1
0.5576	0.4157	0.0417	0.1703	0	0.2224	0.0223	0.8262	0.0457	0.4264	1.1142	0	0	1.5415	0.0995	0.0366	0.0064	0.0278	0.2396	1.1253	0.2694	0.0183	4.7006	0.6557	0.1963	0.0927	1.6828	1.942	3.7501	0.15	3.0591	2.0561	0.1616	1.3555	0	0	0.1813	0.0991	1
1.3059	3.3404	0.0189	0	0	0.0864	1.244	0.1248	0.1399	0.3733	3.0305	0.0777	0.1627	25.0063	0	0.2818	0.0087	1.1714	0.6843	4.3821	1.2821	1.3701	20.8924	1.3837	0	0.0252	2.7547	0.0911	2.8137	0.408	7.7729	1.0606	0.4762	3.0285	0	0.5927	0.493	0.1347	1
0.4474	1.569	0.0042	1.0762	1.5662	0.2868	0.2417	0	0.0206	0	2.95	0	0	4.174	0.6739	0.088	0.4411	0	0.3893	4.4318	0.7294	0.0055	3.3113	2.2448	0.3543	0.0335	0.1688	0.2115	0.9337	1.083	11.6257	0.6399	0.0972	1.2235	0	0.3079	0	0.1789	1
0.5684	1.6641	0.0057	0.1042	0.059	0.5053	0.1092	0.292	0.0559	0.1429	1.0903	0.0699	0	4.8486	0.7002	0.0596	0.0157	0.119	0.4689	1.8143	1.1532	0.0635	11.2189	1.0786	0.08	0.0453	2.9733	2.1706	3.4798	0	5.8097	1.2141	0.1318	2.0134	1.9066	0	1.8845	0.0808	1
2.1664	0.5792	0	0.2448	0	0.2435	0.7909	0.4221	0.0109	0.3637	4.7678	0	0	4.3248	0.0954	0.362	0	0.9051	1.7445	2.793	1.0322	0.7838	4.7228	0.6282	0.376	0.2485	1.1345	0.3689	9.5389	0.8622	5.7841	1.0867	0.2322	2.8755	0	0.0182	0.4341	0.1266	1
1.2057	0.8516	0.0996	0.2617	0.0494	0.1953	0.2285	0.3385	0.2458	0.2752	31.1186	0	0	3.9474	0.051	0.1373	0.922	0.5123	1.9634	6.4963	2.897	0.05	3.1707	0.0926	0.134	0.6643	0.9895	0.4287	3.3113	0.1536	6.3493	1.3072	0.1104	0.9918	0	0.0776	0.0928	0.0338	1
0.708	0.9674	0.0932	0.0779	0.0881	0.1162	0.0408	0.1846	3.7403	0.251	34.4983	0.0261	0	1.0066	0.0455	0.2674	0.0118	0.0635	3.8334	2.2445	0.985	0.0475	2.2011	1.2403	0.299	0.0339	1.7379	0.0765	1.3004	0	10.0094	2.2038	0.2709	0.7082	0.0162	0.1213	0.58	0.1812	1
0.5799	0.2829	0.0058	0	0	0.5155	0	0	0.271	0	0.4635	0.1426	0.0373	8.1069	1.646	0.0608	0.008	0.0347	0	0.9574	0.6723	0.0838	0.8584	1.4672	0	0.1156	0.7389	0.0627	0.4841	0	5.3244	1.5041	0.2353	2.2957	0	0	0	0	1
1.0419	1.1336	0.0042	0.1549	0.0438	0.2311	0.2028	0.267	0.1143	0.1646	0.2026	0.1558	0.0816	1.3012	0.0226	0.0443	0	0.6694	0.1525	3.7662	1.8365	0.1332	2.5013	1.9526	0.3568	0.0168	0.9349	0.4566	2.1159	0.2727	9.66	1.998	0.2938	2.5525	0.0161	0.0517	1.3181	0.0901	1
0.5034	0.3838	0.0165	0.173	0.049	0.355	0.068	0.2051	0.1741	0.0475	3.3952	0	0	8.2761	0.3033	0	0.1306	0.1693	0.2434	2.6495	0.9576	0.0868	4.4251	0.7349	0	0	0.4115	0.2721	2.8896	0	2.2895	1.2962	0.0547	0.6884	0	0	0	0.0671	1
0.2942	1.0369	0.0073	0.1798	0	0.3353	0	0.0969	0.0241	0.0185	0.2352	0	0.0631	3.6022	0.0263	0.0129	0.0068	0.0733	0.1011	0.9716	0.2843	0.0258	2.0568	10.2363	0	0.0391	1.5457	0.4593	0.1365	0.3166	2.2938	1.1223	0.2274	3.4741	0	0.06	0	0	1
0.3001	0.9293	0.0483	7.7432	3.8075	0.071	0	3.5025	0.1448	1.1533	2.7123	0.1064	1.6498	1.3949	0.612	6.7574	0.0431	0.2588	0.25	4.002	1.9069	0.4459	9.3124	1.1626	0.0975	0.0414	1.2308	1.6218	3.4691	24.2548	0.8998	1.4265	0.3814	2.6696	0	0.8896	1.0805	0.0246	1
0.4631	1.219	0.0273	0.134	0	0.125	0.0527	0.2311	0.018	0.2114	4.091	0.2472	0.0471	0.953	0.0196	0.0863	0.5818	2.6454	0.0754	1.0463	1.1656	0.5165	0.9922	4.4118	0.1544	0.0146	5.6639	0.1449	0.407	0.236	2.7869	2.3986	0.2331	2.6663	0.0139	0.0149	0.6417	0.052	1
0.6019	1.6413	0.0185	0.3894	0	0.1816	1.1476	0.3148	0.0653	0.1268	2.0376	0.0653	0.0342	4.5307	0	0.3761	0.0073	0.397	0.8764	3.0984	1.2315	0.0942	3.145	0.6978	0.3739	0.1906	1.5316	0.4401	1.9214	0	3.4045	1.0535	0.1232	2.1027	0	0	0.3107	0.2265	1
1.0214	1.0798	0.0051	0.3744	0.053	0.1746	0.0981	1.8362	0.0126	1.0527	10.1231	0.0314	0.0658	2.1782	0.0547	0.0938	0	0.1374	0.553	5.9024	3.2565	0.0302	3.9061	0.4224	0.1438	0.1426	0.822	0.1472	3.6951	2.3079	5.751	1.0909	0.2368	3.4052	0.3504	2.645	1.1952	0.0726	1
0.3713	0.317	0	0	0.0578	1.2186	0	0	0	0.007	11.4841	0.0342	0.2868	5.1465	0.0298	0.0292	0.0077	0.0333	0.1723	0.7356	0.1614	0.011	1.0992	1.0026	0.2352	0.0444	0.1867	0.1003	1.0849	0	1.4472	1.0196	0.3228	1.8567	0	0	0	0.0792	1
0.3568	0.0791	0.0073	0	0	1.3974	0.0467	0	0.0239	0.0061	3.8891	0.1795	0.0313	1.3836	0.3127	0.0511	0.0269	0.0436	0.0251	0.5891	0.2821	0	3.1214	0.2841	0.4795	0.0582	0.7179	1.0343	3.1144	0	2.5289	0.8909	0.5359	2.5347	0	0.4762	0	0.1729	1
1.0049	0.4307	0.0061	0.0747	0	0.9472	0.2347	0.0805	0	0.0154	0.521	0.0501	0.1049	1.5446	0.0218	0.0534	0.0282	0.0609	0.021	0.9417	0.1181	0.0027	1.2062	0.8128	0.2868	0.13	0.6831	0.3229	4.3082	0	2.8232	1.3675	0.0708	3.4805	0	0.0166	0	0.0869	1
0.4476	2.1843	0.0051	6.1538	0.6965	0.106	0.0496	11.8165	0.0127	0.1298	59.6145	0	0	5.8749	1.4108	0.0542	0	0.0154	0.2131	1.9899	0.2994	0.0068	6.1171	5.9816	0.1454	0.0206	10.6346	0.1675	4.5997	0	3.9373	1.0245	0.539	0.5381	0.1181	0.0211	0.6044	0.257	1
0.0832	1.3811	0.0149	0	0.6218	0.1195	0.012	0.0789	0.0123	0.248	1.3973	0.0921	0.1769	1.3019	0.2541	0.1638	0.0138	0.4331	0.0644	0.3574	0.2895	0.0459	1.0475	2.5155	0.0703	0.0299	2.1941	1.2327	0.417	0.0806	0.8221	0.7621	0.2172	1.1449	0	0.163	0.2435	0	1
1.2866	1.3079	0	0.0737	0	0.3024	0.1351	0.2542	1.7205	1.9708	15.6822	0	0	5.8115	0.0861	0.0316	0.395	13.1395	0.4354	4.6911	2.5637	0.0158	9.1264	0.6456	0.1132	0.3207	0.728	0.2173	1.1189	19.4672	5.6421	2.9445	0.1631	1.508	0	0	0.7057	0.0286	1
0.8864	0.1908	0.0234	1.9353	0	0.1872	0.0376	0.0155	0.0096	0.0049	15.3779	0	0.0252	4.4478	0.1466	0	3.8365	0.3858	0.0403	0.6887	0.2267	0.036	2.4121	0.4186	0.0551	0	1.2588	0.1832	1.4147	1.2623	1.2195	1.6706	0.1133	0.4889	0	0.1595	0	0.1112	1
1.1414	2.0887	0.0053	0.0981	0.0555	0.2561	0	0.3805	0.0395	0.2825	0.4277	0.1645	0.5168	3.6769	0.0287	0.2105	0.0148	0.112	0.2759	1.8847	1.3958	0.1652	0.7921	2.3952	0.0753	0.0213	2.2607	0.6554	0.7445	0	4.2641	0.4082	0.1241	0.7804	26.0657	0.0873	18.6792	0	1
1.2017	0.6108	0.015	0.1377	0.9349	1.3353	0.3246	0.0297	0.0185	0.0283	0	0.5541	0	6.941	0.7241	0.0197	0.0624	0.0225	0.0387	12.0701	4.1362	0.0148	13.3425	8.1497	0.2115	0.0599	0.3022	0.4871	4.5983	0.2424	10.0193	1.0314	0.1742	0.7825	0	0	0	0.1068	1
1.2288	2.2485	0.0995	0	0.0531	0.2801	1.008	0.0202	0.0126	0.0064	54.7552	0	0	18.441	2.3034	0.0537	0.3967	0.1225	1.4256	3.4378	1.3356	0.0034	3.2845	19.4569	0.2162	0.1225	0.6524	0.0922	3.2771	1.1569	10.9991	0.8593	0.3562	2.4538	0	0.2297	0	0.182	1
0.2678	0.3812	0.005	0	0	0.1832	0	0.0265	0	0.0126	0.2676	0.0412	0	0.476	0.2331	0.0263	0	0	0.1554	0.5897	0.1941	0.0044	4.2131	0.9938	0.1414	0.1602	0.247	0.0965	0.9318	0	1.2761	0.613	0.0194	0.7674	0	0	0	0.0952	1
0.4185	1.3857	0.038	0.0822	0	0.184	0.1292	0.2835	0.4521	0.1353	1.2185	0	0.0289	1.0625	0	0.3881	0	0.5095	0.3006	1.7275	0.7798	0.0236	2.102	6.96	0.2525	0.0536	1.1728	0.5008	1.6222	0.2895	1.709	1.5051	0.2859	3.2701	0	0.0549	0.3498	0.0637	1
0.6664	1.4632	0.0025	0.0916	0.2592	0.205	0.456	0.2962	0	0.1884	9.8269	0.0307	0.0322	9.7111	0.7763	0.1442	0.0207	0.2391	0.2577	3.6308	2.4626	0.0788	9.8649	1.0457	0.2814	0.1594	1.877	0.4682	2.6426	0.6453	5.022	1.4489	0.1449	4.1656	9.4111	0.0204	0.4874	0.071	1
0.1925	0.8453	0.0086	0.1588	0.4792	0.0395	0	1.8709	0.0923	2.2645	2.077	0.0355	0.0744	0.821	0.0309	0.2272	0.012	0.1986	0.1935	0.6356	0.3347	0.0133	0.7836	0.5198	0.2032	0	1.1037	0.5721	0.8838	1.4912	1.1005	1.1454	0.2176	1.1431	0	1.8015	0.3942	0.0821	1
1.0033	1.4862	0.0268	0.197	1.0036	0.2205	0.1032	0.2549	0.1586	0.0811	3.0933	0.0661	0	1.5284	0.3455	5.3575	0.0298	0.1929	0.6652	0.8283	0.3116	0.0706	1.5914	0.7846	0.1513	0.0429	0.6489	0.6971	1.1967	0.347	2.6074	1.6402	0.1246	1.792	0.3278	0.0438	22.0141	0	1
0.3936	0.24	0	0	0.1312	0.7208	0	0.1666	0	0.0265	3.977	0.1037	0.0814	0.1998	0.1807	0.0664	0	0.0126	0.1957	1.1604	1.3444	0.0194	3.9535	0.8617	0.2968	0.0673	0.8201	1.5496	5.0459	0	1.8263	0.386	0.0978	2.1087	0	0.172	0.0822	0.03	1
0.262	2.2659	0.0142	0	5.373	0.1466	0.0686	0.2682	0.0527	0.0629	1.1992	0.0439	0.046	2.3701	0.2104	0.1124	0.0346	0.1709	0.1105	1.3762	0.3106	0.0962	6.1695	0.4519	0	0.057	1.0301	2.2651	0.2982	0.2306	1.114	1.1446	0.1657	0.9676	0.0136	0.1602	0.3483	0.0508	1
0.1448	0.7319	0.0031	0	0.0966	0.191	0.0149	0.0368	0.0076	0	1.8357	0.0382	0.02	1.0296	0.3989	0.0244	0.0172	0.0371	0.032	0.6491	0	0.0224	0.1531	3.3525	0.0437	0.0248	2.6226	0.8945	0.7773	0	1.6668	0.9471	0.1799	0.8407	0	0.0886	0	0	1
1.5858	0.2176	0.0059	0	0	0.488	0.0143	0	0	0.0037	0.5704	0	0.0574	2.9592	0.0318	0.0156	0.0165	0.0178	0.1533	3.2074	0.6895	0.0449	5.9424	0.7234	0.1674	0.0949	0.5783	0.0321	3.8891	0	5.0483	0.8166	0.0862	1.1152	0	0	0.058	0	1
0.4081	0.3847	0	0.408	0.0289	0.1903	0.0534	0.044	0.0205	0.0035	9.652	0.0342	0	1.2527	0.1192	0.0219	0.0116	0.025	0.1004	1.5007	1.1291	0.0018	3.3639	0.4468	0.0392	0.111	2.8924	0.0802	4.0265	2.2454	2.0728	0.3821	0.0484	1.1016	0	0.1135	0	0.1582	1
0.4951	1.4939	0.0078	0.1433	0	0.1871	0.2252	0.1853	0.0096	2.9966	0.9997	0.024	0.0755	3.4268	0.1047	0.041	0.0379	0.0117	0.1008	1.8069	0.3399	0.018	1.543	0.6086	0.055	0	1.8873	0.6478	0.5438	0.1262	3.8597	2.1469	0.1133	0.9773	0.1192	0	0.3811	0	1
0.2909	2.8393	0.0136	4.7995	0	0.2984	0.8382	0.2371	0	0.3908	0.6104	0.1342	0.1054	6.9803	0	0.2433	0.0226	0.0816	0.0844	0.6605	0.1581	0.043	22.8814	1.1945	0	0.0218	2.5976	1.2972	3.0362	0.8805	1.5122	1.7479	0.3162	3.1828	0.0624	0.0445	0.532	0.0388	1
0.9646	1.2672	0.0018	0.136	0.1155	0.1268	0.3385	0.3078	0.0091	0.0933	9.1927	0	0.0955	7.2089	0.3378	0.0487	0.0359	0.4437	0.3252	5.3905	3.1185	0.0341	3.0208	2.2746	0.1045	0.1036	0.8957	0.0802	1.9617	0.3593	3.7923	1.9812	0.2581	1.4688	0	0.0151	0.5065	0.0527	1
0.1496	0.2086	0.0016	0	3.3257	0.1754	1.6934	0.1393	0.0079	0.0282	3.8438	0.2365	0	6.5333	0.5666	0.0757	0.0044	0.0192	0.0331	1.094	0.6505	0.0126	7.2774	0.5304	0.1354	0.1406	1.8491	0.1502	8.8327	6.5197	1.944	0.9783	0.0743	0.6012	0	0	0.0625	0.0228	1
0.6572	0.7074	0.0029	0	0.0602	0.3966	0	0.0229	0	0	2.5031	0.0713	0.0747	2.7484	0.0932	0.213	0.0241	0.0173	0.0598	1.915	0.5043	0.0191	3.4341	40.8604	0.3266	1.4107	1.0501	0.6059	0.9683	0	7.234	1.3273	0.3698	0.725	0.0221	0.6386	0.2262	0.0412	1
0.4486	0.1824	0	0.0822	0	0.3681	0.0431	0.0886	0	0	1.1475	0	0.0289	1.2757	0.0721	0.0706	0.0869	0.0268	0	1.1852	0.13	0.0147	2.6566	2.9688	0	0.1789	0.7823	0.2586	6.4922	0	5.363	1.0268	0.052	1.5892	0	0.0915	0	0.0319	1
0.9445	2.8805	0.0084	0.1855	0.14	0.2537	0.0324	0.0666	0	0.017	100.5699	0	0	4.3164	0.0181	0.0531	0.0187	0.0202	0.0522	2.3021	0.6844	0.0066	2.4137	11.1779	0.19	0.0942	0.4525	0.6441	7.6039	0	5.3182	1.8014	0.1955	1.0544	0	0	0	0.1439	1
0.7109	1.0007	0.002	0	0.0851	0.1122	3.6632	0	0	0.0052	0.1311	0	0	8.1642	0.0439	0.2152	0.0057	0.0245	0.0423	4.0633	3.4476	0.0108	3.8456	0.958	0.1732	0	0.6052	0.532	4.6799	0	75.4658	1.7523	0.214	2.564	0	0.0335	0	0.0583	1
0.9099	2.1192	0.0155	0.1137	0.0644	0.1273	0.0298	0.4658	0.0153	0.1794	1.6861	0.0381	0	1.9112	0.1994	0.3255	0.0258	0.0557	0.5119	3.7561	1.2588	0.0897	3.6739	0.3019	0.0873	0.099	6.9072	0.3129	5.8704	0	8.7065	1.2306	0.1798	4.3955	0.3311	0	20.4493	0	1
0.9659	1.5711	0.0096	6.0198	0.0501	0.033	0.0464	1.3931	0.1544	5.0871	7.2575	0	0.0311	3.8912	0.0776	0.1774	0.9824	0.2744	0.7471	3.7746	2.2398	0.0539	3.0983	0.2115	0.068	0.0193	2.1702	0.174	1.3441	0	3.1797	0.6632	0.14	1.4089	0	0.0788	1.6955	0.103	1
0.4918	1.9762	0.0065	0.4772	0	0.1484	1.8961	0.7373	0.1387	0.0709	1.0405	0.2134	0.0838	4.5243	0.2789	1.5252	0.06	0.1557	4.296	6.5437	1.8866	0.0855	14.9891	0.7179	0.1222	0.0173	2.9975	1.0162	3.502	0.5603	3.9844	1.258	0.2012	2.1701	0.0165	0.2301	2.0311	0.0925	1
0.3353	5.0908	0.0084	0.1024	0	0.1911	0.1342	0.265	0.0825	0.1475	1.4295	0	0.036	5.1651	0	0.4251	0.0155	0.8021	0.634	2.7684	0.81	0.0771	4.5507	0.3263	0	0	2.3989	2.074	6.6881	0	3.6795	1.1086	0.3888	5.4736	0.0213	0	0.327	0.1589	1
1.0553	2.5212	0.0066	0.1209	0.0684	0.2706	0.4434	0.2346	0.0324	1.4923	1.0544	0.0406	0	18.2871	0.1766	0.1903	0.0456	0.0986	0.1701	2.0329	0.3824	0.065	6.8353	2.2146	0.0929	0	1.681	0.4753	0.7342	0.2129	4.3424	1.0064	0.4206	3.4361	0.1509	0.0538	0.6432	1.9691	1
0.2001	1.2511	0.0168	2.4072	0.7396	0.1796	0.2342	0.1334	0.0369	4.9379	0.4199	0.0923	0.0483	0.8891	0.0201	0.1575	0.1817	0.1795	0.058	0.8261	0.5438	0.0493	3.981	0.2374	0.2113	0.0299	1.1828	0.4461	4.0725	0	2.0152	0.458	0.174	1.8765	0.2002	1.1324	0.3659	0.0533	1
0.8433	2.818	3.1718	7.7626	0.2282	0.5265	0.1585	23.5137	1.7043	20.4139	14.2434	0	0.1416	6.9074	0.4419	8.0068	1.0807	0.3289	0.8508	6.1146	3.826	0.1554	3.7997	0.107	0.4646	0.2413	2.9509	0.6341	2.9082	22.0148	9.0523	1.0909	0.1275	4.5842	0	11.4393	0.3218	0.1173	1
0.2335	1.0734	0.0255	0	0.3074	0.0553	0	0.1384	0.0331	0.0813	0.5598	0.0166	0.0694	6.8936	0	0.0989	0.0261	0.1369	0.2778	1.275	0.6246	0.0071	2.0603	0.2621	0	0.1182	0.7407	0.7085	3.4483	0	1.68	0.7809	0.1405	1.0665	0.0103	0	0.8931	0	1
2.0407	1.901	0.0333	0.204	0.0577	0.5709	0.0267	0.3958	0.0411	0.1539	4.0926	0.1369	0.1075	12.3969	1.4308	0.0584	0.0539	0.1831	0.3731	4.7784	5.0008	0.0695	2.7464	1.1374	0.3134	0.1554	2.5755	0.2005	2.7879	0	5.6889	5.7745	0.3226	1.5076	0.0212	0.0454	6.4042	0.0791	1
0.7675	2.3927	0.0574	1.1723	0	0.1312	0.2764	9.8306	0.5977	1.2862	2.0449	0.0393	0.0824	1.2125	0.1028	0.0671	0.2036	0.0574	2.9352	2.2529	1.2977	0.042	0.9468	0	0.3602	0.0255	1.1582	0.023	0.534	7.226	1.1081	1.659	0.5191	1.1995	0.0975	7.5382	0.9979	0	1
0.8337	1.3561	0	0	0.6486	0.2138	0.3503	0	0	0.0131	4.1649	0	2.7511	38.5241	0.5023	0.0273	0	0.0312	1.6659	1.8354	0.9062	0	9.2568	0.5071	0.1467	0.0416	0.8387	0.1502	2.6102	0	6.4999	1.7491	0.6041	3.2573	0	0	0	0.2222	1
0.3738	3.4457	0.646	0.9137	0.3878	0.1704	0.3291	0.2708	1.2412	0.9084	0.5976	0.1149	0.0802	3.3958	0.0667	0.2451	0.1638	0.9315	2.5703	3.292	1.2642	0.0205	2.9209	0.3032	0.5263	0	1.6715	6.8692	1.3872	0.4023	7.4483	0.9507	0.1445	2.337	0	3.2525	0.4861	0.1771	1
0.3435	0.4976	0	0	3.0734	0.2643	0.0155	0.0127	0	0.004	3.8096	0.0594	0	12.1335	0.4657	0.0338	4.3181	0	0.083	0.3545	0.1867	0.0106	3.814	3.9019	0.1814	0.0514	7.9697	0.3249	4.6603	0.2079	0.6137	1.1793	0.0933	0.5368	0.0123	0.0131	0.0628	0.1145	1
0.3863	1.8262	0.009	0.1328	0.1879	0.2477	0.087	0.2147	0.0356	0.1684	7.7583	0.2449	0	2.0597	1.707	0.114	0.005	0.1191	0.1121	1.6744	1.3647	0.0405	3.3958	3.0312	0.153	0.0722	1.1416	2.0748	0.8063	0.3507	1.4432	0.8289	0.147	2.7169	0.0138	0.0443	0.777	0.0772	1
0.2951	0.3899	0.0055	3.4478	0.1148	0.5044	0.0886	0.0437	0.0181	0.0278	7.8417	0.068	0.0712	0.6118	0.9877	0.1064	0.0102	0.011	0.0761	1.6645	0.9621	0.0242	2.4571	0.1077	0.1558	0.0735	0.8905	0.3322	2.3608	0.3572	2.0448	0.8441	0.0855	1.1528	0	0.1203	0	0.0786	1
0.1951	0.17	0.0021	0	0.0434	0.1715	0.0201	0.0661	0.0103	0	0.2673	0.0514	0	40.512	0.5149	0.0768	0	0.0125	0.0216	0.6442	0.1212	0.0027	4.7442	63.2765	0.1765	0.0333	1.5699	0.6476	0.9306	0.1349	1.5932	2.5512	0.1696	2.2646	0	0.0341	0	0.0594	1
0.8842	2.6821	0.0197	0.3942	0	0.2206	8.1933	0.1841	0.0617	0.1171	0.3438	0	0	2.973	0.0384	0.1316	0.0446	0.9325	0.4251	1.4205	0.6234	0.04	1.2383	53.1828	0.2523	0.0286	1.8512	0.2454	1.2969	0	3.0431	1.5315	0.1662	2.2409	0.041	0	0.6292	0.1529	1
0.7571	0.5172	0	6.0781	0.2356	0.497	0.0218	0.0718	0.0782	0.1199	3.8486	0.0559	0	3.7674	3.3331	0.0477	0.352	0.0272	0.0234	1.2	0	0	1.9053	13.9471	0	0.0906	17.4564	1.2765	1.7698	1.7596	7.2403	0.901	0.079	2.7449	0	1.5005	0.0886	0.3229	1
0.5624	0.5246	0	0.091	0.1544	0.4072	0.4289	0.2549	0.0366	0.2183	8.7255	0.1525	0.0319	1.9989	0	0.1562	0.0206	0.089	0.1791	3.6049	1.1506	0.15	3.5505	32.2575	0.0699	0.0396	1.7971	1.1084	1.519	0	1.7194	1.8171	0.1438	3.4121	0.4918	0	0.5807	0	1
0.2655	0.3239	0	0	0.3099	0.3404	0	0	0	0	0.7163	0.0306	0	0.4719	0.0267	0.0522	0.0344	0.0744	0.0257	0.822	0.1443	0.0131	1.7197	3.2703	0	0	0.5342	0.0717	2.4938	0.1607	1.9838	0.6836	0	0.6224	0	0.0609	0.0971	0	1
0.5075	1.5821	0.0063	4.7284	0	0.1735	0.0609	10.3934	0	11.7045	12.1011	0.26	0.0817	2.9061	0.0453	3.3833	0.5793	0.177	0.4361	1.1172	0.6129	0.7141	3.8607	2.6545	0.0595	0.0169	0.936	0.6552	2.4715	11.4669	2.4911	0.7743	0.1471	2.2911	0	20.2475	0.3299	0.1804	1
2.2288	5.6469	0.3589	5.1851	0.1067	0.5276	0.1482	10.1003	0.1644	1.8877	4.1933	0.0316	0.0993	5.7282	0.3857	3.1569	1.217	0.7228	0.4509	11.8324	5.665	0.0439	4.4416	0.4505	0.0724	0.1026	7.5888	0.1297	9.7332	11.7878	3.297	2.0404	0.4174	1.9291	0.0196	18.6262	0.2006	0.1462	1
0.4399	1.4837	0.0039	0.2134	0.2819	0.0796	0.0186	0.3834	0.1718	0.2537	1.3031	0.0955	0	0.2759	0.0416	0.3054	0.0161	0.8937	0.1401	0.7691	1.1251	0.0485	2.107	0.7933	0.2186	0.0464	0.9372	1.2726	3.1327	0	1.5467	0.7107	0.1125	0.9706	0.0148	0.1266	0.4542	0	1
0.3525	0.516	0.0013	0.0485	0	0.0723	0.2158	0.0104	0	0.01	0.7607	0.13	0.017	10.7749	0.0142	0.0347	0.0073	0.079	0.0954	1.3386	0.613	0.0035	4.4355	0.5531	0.335	0.0316	0.3369	0.1905	5.4443	0	2.7481	1.1294	0.046	0.9365	0	0.0863	0	0.1691	1
0.1501	0.5126	0.0067	0.0825	0.2335	0.1847	0.0432	0.3913	0.1218	0.1301	1.1515	0.083	0.029	7.6809	0.1206	0.2126	0.0062	2.6249	0.3714	0.9415	0.9134	0.0887	1.3329	2.0373	0.3803	0	2.6268	21.1344	5.3873	12.2071	1.0139	2.0607	0.3132	2.2514	0	0	0.0878	0.032	1
1.2798	1.2087	0.034	0.1135	0	0.2117	0.3271	0.1223	0.0914	0.0545	14.0577	0.0761	0	6.4569	0.0332	0.0975	0.0171	9.4066	1.1177	4.4308	2.154	0.0732	6.4175	1.356	0	0.1482	1.6613	0.714	4.8256	0.1999	5.6864	1.7953	0.3231	2.4518	4.9809	0.0253	7.6091	0.044	1
1.167	2.2962	0.0197	0.1035	0	0.2703	0.0542	0.4239	0.4305	0.4826	3.0692	0.1736	0.1818	6.958	0.8166	0.2222	0.0625	0.1857	0.2621	2.5484	0.982	0.2708	5.8517	1.1265	0.159	0.0225	2.1587	3.7434	10.686	0.3646	4.1089	3.1879	0.1309	2.7063	0.0861	0.0691	0.3304	0.2408	1
0.1548	1.2678	0.0265	0	0	0.0227	0.0637	0.2228	0.0816	0.9588	2.3329	0.1631	0.0214	2.515	0.1066	0.4698	0	0.0496	0.2052	0.3286	0.2884	0.17	4.0099	0.5326	0.0467	0.0265	1.1567	0.4899	1.0153	0.1071	2.241	1.8724	0.173	1.1749	0.0126	0.0541	0.9703	0.0236	1
0.4739	1.2204	0.0217	0	0.041	0.108	0.1138	0.2965	0.1554	0.1489	2.2095	0.0971	0.0254	4.2109	0.0635	0.1139	0.0055	7.734	0.3258	2.7385	0.9157	0.0078	8.282	0.7494	0.278	0.5197	0.6621	0.1707	7.6928	0.2549	3.1471	1.6268	0.0687	1.6457	0	0.161	0.7702	0	1
1.2326	0.16	0.0039	0	0.1224	0.538	0.4156	0.0311	0.029	0.0198	1.2577	0.0726	0	11.7455	0.1686	0.0103	0.0109	0.3882	0.7911	5.5426	2.2805	0.0052	7.6679	0.134	0.1108	0.2981	0.4485	0.1134	3.9412	0	5.4523	1.3205	0.0912	1.2296	0	0	0.0767	0.1957	1
0.3989	1.4597	0.0021	0	0	0.1461	0.4514	0.3377	0.0526	0.1934	5.1237	0.1839	0.1376	7.6962	0.0916	0.213	0.0118	0.2811	0.3526	3.0106	1.1148	0.2583	5.2721	1.0189	0.1203	0.1534	1.863	0.4157	1.7839	4.0005	4.4423	1.5649	0.1734	1.9591	0	0.1046	1.0835	0.0608	1
0.8027	3.023	0.0104	0	0.0543	0.0358	2.3882	0.2482	0.1674	0.1119	11.382	0.1931	0.0337	8.684	0.0841	0.1648	0.1739	0.2192	0.4589	4.1492	1.5174	0.0619	3.746	1.5794	0.1474	0.2714	1.0533	1.2826	6.9934	0	2.9025	2.0769	0.1517	1.9636	0.02	0.1068	0.6126	0.0744	1
0.2195	0.502	0	0.1509	0	1.4069	0.079	0.0163	0.0405	0.0362	3.2233	0.2277	0.2385	0.0975	0.0441	0.1403	0.0171	0.0984	0.0849	1.993	0.9542	0.0216	2.5383	1.3015	0.4635	0.0656	1.2419	0.3855	1.6032	0.2657	4.8479	1.1302	0.1193	4.4588	0	0.1007	0.1605	0.0585	1
1.9879	0.101	0.0041	0	0	0.085	0	0.2455	0.0204	0	2.1848	0.1782	0	12.2671	0.0665	0.0326	0.0115	0.0124	0.0214	1.5499	0.3601	0.0136	2.3502	1.0076	0.2915	0.0661	0.3889	2.074	1.2678	3.7432	1.7938	1.011	0.144	1.5534	0	0.3716	0	0.2061	1
0.3082	0.658	0.4359	0.9886	0.3997	0.2634	0.037	6.9263	0.0568	10.4353	75.5678	0.0947	0.0496	1.4607	1.1555	8.1854	0.048	0.1037	0.6357	3.6046	1.2283	0.1949	1.4259	1.0123	0.1627	0.0615	1.7312	1.6101	4.7175	1.2436	1.1347	1.2932	0.134	0.9633	0	0.597	0.8265	0.0548	1
0.0295	0.2158	0.0176	0.081	1.3761	0.0302	0	0.1572	0.0109	0.0389	0.0707	0	0.0569	0.943	1.9656	0	0.0306	0.476	0.0228	0.7301	0.2563	0.0087	0.3273	2.7755	0.249	0	19.4833	0.1115	1.7227	0	0.0766	0.6747	0.2051	0.0921	0	0	0.345	0	1
0.4272	2.3251	0.0098	0.9938	2.8634	0.3034	0.0237	0.4869	0.0606	5.0927	0.8668	0.303	0.0635	10.1619	0.66	0.2198	0.0068	0.2211	0.2542	1.1937	0.2857	0.0615	3.1621	1.0313	0.1388	0	1.2232	0.3552	2.0576	0.3182	2.9035	2.2563	0.4572	0.8217	0.0939	0.0201	1.3459	0.035	1
1.5218	1.4768	0.0026	0.2853	0	0.4612	1.6442	0.574	0.0383	0.2478	7.0496	0	0.0668	8.8516	0.0278	0.1497	0.0359	0.2172	0.428	14.0485	4.8121	0.0477	18.6892	0.1767	0.5113	0.1862	1.7397	0.2056	4.6202	0	10.2468	2.3748	0.5113	4.2162	0.0396	0.0635	2.0237	0.1475	1
1.1361	0.6788	0	0	0	0.5232	1.3527	0	0	0.0087	1.5568	0.0214	0	1.3186	0.8569	0.0091	0.0289	0.2392	0.4842	0.268	0.3024	0.0137	0.944	9.4095	0.049	0	47.7711	0.213	2.0326	0	6.4474	1.4859	0.4234	0.9421	0	0.0426	0	0.0989	1
1.1057	2.6268	0.0022	0.24	0.0906	0.2388	0.6497	0.2587	4.5085	0.1097	0.4884	0	0.0562	7.9639	0.1403	0.1603	0.0483	0.0783	4.0511	4.9966	2.1507	0.109	4.4154	0.5097	0.7988	0.1218	2.8687	0.5661	1.5791	0	3.4785	1.5317	0.3289	1.6371	0	0.0178	0.4256	0.031	1
0.8528	0.8403	0.0098	0.1804	0.051	0.2691	0.0945	0.3888	1.7787	0.1546	7.3931	0.0302	0.0317	1.7488	0.0264	0.0774	2.8866	6.7081	10.5283	23.7743	16.2568	1.0021	4.8557	1.5561	0.2078	0.0785	1.5838	0.2836	3.286	0	9.7171	2.7025	0.3137	1.9479	0.0375	0.0201	1.1515	0.035	1
0.3686	1.3898	0.0175	0.2764	0.0521	0.1375	0.0241	0.3773	1.3474	0.1327	0.2411	0.0618	0.0324	2.0248	0.0269	0.1318	0.1391	0.4208	0.2333	1.1065	1.3112	0.1948	3.8445	2.2256	0.2123	0.0601	1.5844	1.1047	3.6368	0	2.2641	1.1504	0.1457	1.6758	0.0383	0.123	0.3921	0	1
0.498	3.6452	0.0099	0.0913	0	0.1022	0.0717	0.6297	0.196	0.4382	1.3534	0.2756	0.0321	6.3727	0	1.6982	0.0207	0.3723	0.0257	0.9319	0.4331	0.036	3.9322	2.3749	0.2103	0.0397	2.1043	1.7225	2.079	0.9646	2.1571	2.6596	0.2598	1.0378	0	0.0203	0.9713	0.0354	1
0.2305	1.3628	0.0027	0.0488	0.0552	0.1273	0.0255	0.1997	0.0523	0.0401	0.1276	0.0654	0.0343	2.8994	0.0142	0.2233	0.0184	0.0636	0.0823	0.9662	0.2313	0.2027	2.1658	1.2296	0.1498	0.0318	0.6779	0.46	0.8883	0	2.3963	1.4205	0.1079	0.5543	0.0406	0.0108	0.2075	0	1
0.9287	1.3595	0.0185	0.0851	0.2408	0.5398	0.2007	0.4403	0.0685	0.0525	2.7465	0	0	2.9709	0	0.1462	0.045	0.3054	0.6465	4.7534	1.7497	0.1068	6.4159	0.2937	0.1307	0.2222	0.9031	0.3848	1.9383	0	4.7464	3.6842	0.3768	2.4189	0	0.0379	2.4452	0	1
0.635	1.921	0.0247	0.2095	0.1976	0.0782	0.0366	3.7482	0.1687	0.1628	14.1901	0	0.0981	2.7986	0.0816	0.0799	0.4376	0.319	0.1964	1.8032	0.4417	0.0426	1.316	2.4099	0.2682	0.0304	2.4273	0.7549	3.1807	0.123	2.8381	1.9182	0.1546	2.1434	0.0145	0.1088	0.2229	0	1
0.3514	4.8441	0.0236	0.0966	0.1094	0.5046	0.0759	0.2499	0.1037	0.0928	3.7076	0.2268	0.3394	1.4989	0.1412	0.083	0.0365	0.1103	0.3262	1.3345	1.0695	0.0762	2.4711	0.4873	0.1484	0.021	1.3434	0.2659	0.7335	0	2.6484	2.0107	0.1833	1.9771	53.0457	0.0215	23.3366	0.0749	1
0.6315	1.0856	0.8177	0.9471	0	0.2356	0	0.0681	0	3.296	0.6884	0	0	8.2649	0	0.0678	0.0238	0.103	1.1768	1.8485	2.2466	0.0226	7.6496	0.2933	0.6062	0.2748	1.1552	0.1241	1.9173	0	2.1634	2.628	0.1747	2.961	0.0328	0.0878	0.8398	0	1
0.7285	1.538	0	0.077	0.0872	1.0633	0.5449	0.0166	0.0103	0.0317	5.7778	0.0258	0.0271	10.6558	0.3376	0.0992	0.0291	0.1634	0.2817	5.4125	3.1671	0.0138	5.5995	1.227	0.71	0.0168	14.0365	0.0908	1.7544	0	58.3944	1.1542	0.1949	4.1159	0.016	0.3771	0	0	1
0.5318	0.7251	0.0094	2.8382	0.0974	0.2246	0.1127	0.5747	2.4234	0.1415	8.2511	0	0.0302	2.0014	0.1759	0.1354	0.1104	6.524	0.5807	8.5738	4.3522	0.0987	0.9262	1.2786	0.2642	0.0187	2.4546	0.4395	2.8728	0.9088	5.7718	1.2171	0.0816	4.1065	0.0358	0.0191	0.3661	0.0334	1
0.5021	0.3898	0	1.0041	0.1065	0.1873	0.0493	0.4735	0.0084	0.0129	4.1596	0.1473	0.022	3.0018	0.11	0.0539	0.8717	0.1126	0.0353	1.319	0.7939	0.009	7.3494	0.9829	0.4338	0.0137	1.6073	0.7031	5.1451	0	3.2624	1.6194	0.1985	2.0689	0	0.0838	0	0.073	1
0.5641	0.3303	0.0017	0	5.3714	0.162	0.0488	0.0401	0.0083	0.0043	0.1082	0.0208	0	5.7741	0.7432	0.0266	0.089	0.0202	0.0524	0.6333	0.0981	0.2201	1.9206	5.0391	0.0476	0.0675	1.3165	0.3536	2.2604	0.1092	2.5212	0.9295	0.1962	2.5387	0.0129	0.069	0	0.0241	1
0.394	0.2884	0.002	3.7558	0.4496	0.1886	0.0189	0.0156	0.0097	0.0099	14.4882	0.0242	0.0761	2.241	0.7176	0.0724	0.8561	1.6024	0.2438	2.4723	0.7995	0.0026	3.6945	0.6711	0.2219	0.0157	2.167	0.0994	3.9478	1.7808	3.0038	0.8417	0.1142	3.777	0	0.0161	0	0.14	1
0.8245	0.5896	0	0	0.752	0.2916	0.7167	0.0842	0.0105	0.0161	1.7043	0.0262	0	6.3662	1.5074	0.0112	0.0472	0.0128	0.022	1.1735	0.7416	0.0224	8.4175	4.9801	0.1801	0.119	0.6864	1.2445	2.1362	0	6.206	1.1061	0.173	1.4218	0	0.0174	0	0.1516	1
1.2306	1.4646	0.009	0	0.7006	0.0616	0.8431	2.0458	0.0997	0.1471	1.2235	0	0.029	5.3344	0.0965	0.0827	0.8224	3.1771	3.4824	9.6144	3.915	0.1095	3.888	0.701	0.2535	0	1.3588	0.292	5.1371	0.436	2.5741	0.9617	0.1827	1.9701	0.0172	0.2938	0.7903	0	1
0.1569	1.2633	0.0375	1.6394	0.2442	0.7082	0.1356	0.1302	0.0232	0.0828	4.515	0.1447	0.8183	0.4462	0.3025	0.1111	0.013	0.0704	0.1942	1.2954	0.6822	0.167	3.0198	0.6872	0.1325	0.0563	2.4309	0.0509	0.655	0	1.3049	2.5857	0.0819	1.5694	0	0	0.6427	0.1004	1
1.2174	2.157	0.0238	0.8767	0	0.1487	0.0835	2.577	0.0855	2.585	0.4866	0.1871	0.056	2.5758	0.2329	0.2623	0.7641	0.494	3.0492	2.2494	1.1342	0.0629	2.4675	2.5388	0.1224	0.0173	3.7326	0.8146	1.573	15.4389	4.8964	1.3268	0.1764	3.6241	0	0.5674	1.5264	0.2472	1
1.6881	1.0772	0.0583	0.0714	0	0.3463	0.0374	5.4951	0.0671	0.5043	9.6526	0	0	2.677	0.1043	1.9619	0.0323	0.0932	0.4017	10.2056	7.2265	0.0614	4.1331	0.3222	0.4388	0.2175	3.1352	0.1123	6.2879	1.509	3.712	2.2587	0.2258	2.1917	0	1.4457	0.9877	0.4707	1
0.4138	1.7817	0.0091	0.2677	0	0.5243	0.0526	0.2164	0.0718	0.0597	0.2918	0.5387	0.5407	5.1048	0.0196	0.2969	0.0101	1.5503	0.2448	0.844	0.1058	0.0432	3.1531	2.2208	0.3084	0	1.2244	0.7235	2.3371	0	1.6447	2.2841	0.254	1.9782	0	0.0298	0.9257	0.026	1
1.366	0.3735	0.0035	4.0796	1.5026	0.1449	0.2375	0.2094	0.0174	0.3064	30.1584	0.1303	0	4.3532	0.8136	0.2224	0.0293	0.1162	0.0911	4.8999	1.7408	0.0162	10.0243	0.4985	0.2487	0.2959	8.8852	0.3946	16.714	0	6.6716	1.5093	0.1638	2.7238	0	0.4755	0.0689	0.452	1
1.5156	1.6177	0.0094	2.2571	0.7861	0.1295	0.6368	2.9193	0.0466	2.9526	15.5967	0.1165	0.122	7.4071	0.3551	0.0745	0	0.1133	0.2442	1.6682	2.7455	0.1058	10.0497	3.3647	0.5334	0.0378	8.4492	1.7746	7.9083	0.6115	6.8925	1.4453	0.1098	3.1581	0.0361	0	19.7673	0	1
0.3366	0.4448	0	0	0.1309	0.0288	0	0.0332	0.0103	0.0053	0.8743	0.2586	0	3.8879	0.2028	0.011	0.0233	0.0252	0	0.5094	0.3658	0.0083	0.9342	5.8342	0.0592	0	0.2257	0.0455	1.2879	0	1.3848	1.2838	0.1951	0.3507	0	0	0	0.0299	1
0.8455	0.2691	0	0.1011	0	0.905	0.2648	0.0218	0	0.0277	12.4292	0.1017	0.0355	4.0507	0.0591	0.0289	0.0382	0	0	0.607	0.7992	0.0109	2.1769	13.2012	0.5434	0.022	0.5178	0.0993	0.4604	0.178	2.9616	1.5145	0.1918	2.413	0	0.045	0	0.1568	0
1.4696	0.2298	0	0	0.2932	0.3479	3.7727	0.0223	0	0.0213	2.9819	0	0	6.2953	0.1514	0.0297	0.0078	0.0169	1.982	19.8478	12.4515	0.0074	6.2759	0.1925	0.7162	1.623	0.3033	0	1.2584	0	23.0132	1.2074	0.0328	2.9446	0	0	0	0.0804	0
1.1526	0.8253	0.0075	3.169	0.3509	0.0514	0.0361	3.6829	0.0462	1.9179	3.0041	0	0	1.425	0.0805	0.3352	1.2846	0.2585	0.4845	3.2683	1.5251	0.0099	3.3384	0.8047	0.1058	0.0899	0.9074	0.0542	1.6735	0.1213	2.2139	1.0896	0.2179	2.2712	0.0143	2.0233	1.8325	0.187	0
0.8763	0.9503	0.2645	0.2677	0	2.63	2.3845	3.0971	0.0479	0.7588	0.3113	0	0	1.3844	0	0.1405	0.0337	0.1019	10.7196	0.6431	0.2822	0.0576	117.8418	0.1421	0.0685	0	0.5224	0.1052	13.9554	0	2.1087	1.7085	0.2258	0.6087	0.0371	0	1.5192	5.3292	0
1.6714	1.0955	0.0131	0.2058	0.3105	0.0512	0.5031	0.4731	0.0736	0.1082	3.8283	0.023	0.0241	4.9655	0.0802	0.108	0	0.1566	0.6174	4.5307	1.3015	0.0246	2.2158	0.528	0.3161	0.1045	1.3301	0.5662	3.5406	0.1208	5.3159	3.1973	0.3688	4.8342	0	0.763	1.7515	0.0798	0
0.7853	1.0777	0.011	0.0675	0	0.0755	0.0177	0.16	0.1086	0.0509	3.4719	0.1358	0.0474	2.1807	0.0591	0.1352	0.0102	0.3632	0.2278	0.8104	0.7469	0.0387	1.6348	0.4478	0.3109	0.0587	1.3578	0.7427	0.8195	0.1188	3.8265	1.5726	0.128	2.2244	0	0.0751	0.4308	0	0
0.4218	0.8887	0	0	0.1193	0.5506	0.0276	0.0227	0	0	1.471	0	0	1.0903	0	0.0302	0.5969	0	0.1186	0.3165	0	0.0227	2.6962	5.653	0.4048	0.0229	0.27	0.6216	1.1204	0	2.2917	1.8428	0.3001	2.0373	0	0.0704	0	0	0
1.1171	0.0665	0.0041	0	0	0.1397	0.0196	0	0.0201	0.0668	0.0653	0	0	27.4078	0.0657	0.075	0.017	0	0.0211	2.9692	0.4738	0.0081	0.9076	1.054	0.2302	0.0163	0.2741	0.0147	26.2738	0	2.6199	0.6236	0.3317	0.8516	0	0	0	0.2615	0
0.1972	1.4214	0.0027	0.0986	0.0558	0.1287	0.0387	0.1381	0.0529	0.196	0.3439	0.281	0.0693	1.2744	0.0144	0.1411	0.2158	0.3136	0.1109	0.74	0.4676	0.0159	1.5923	1.1907	0.1893	0.0214	1.2263	0.6297	0.898	0	1.3044	1.2719	0.0779	2.3533	0	0.318	0.6293	0.0191	0
1.3866	0.4451	0.0027	0	0.0568	0.1497	0.2365	0.0865	0	0	0.525	0.101	0	6.2256	0.2638	0.1149	0.0227	2.8477	0.1129	1.928	0.4759	0	3.7814	2.9563	0.3082	0.1964	0.9177	0.1578	11.4242	0	9.2931	1.8373	0.3173	2.7373	0	0	0	0.0389	0
0.2134	1.796	0	0.0587	0	0.1313	0.0461	0.2782	0.1023	0.1931	0.3581	0.0984	0.0824	1.8202	0.0171	0.1763	0.0399	0.3541	0.165	0.9864	0.2783	0.0421	1.1056	1.0746	0.1802	0.0383	1.6099	1.107	0.7126	0.3099	1.7744	1.172	0.2041	1.3338	0.0122	0.1436	0.1248	0.0455	0
1.9013	0.3267	0.004	0	0.0417	0.5768	2.2374	0.0159	0.0099	0.0151	6.9992	0	0.0259	27.6984	0.1936	0.0105	0.0111	0.048	0.0828	1.857	1.1643	0.0132	11.2984	0.5277	0.7352	0.032	0.6735	0.1013	2.7946	0	4.0363	1.4096	0.6054	2.6784	0	0	0	2.4839	0
0.6616	0.1101	0.0045	0	0	0.4627	0.2816	0	0.0222	0.0057	2.2354	0	0	5.1308	0.145	0.0473	0.0125	0	0.0465	3.4757	0.9152	0.0059	5.8988	0.1536	0.508	0.0899	0.242	0.13	1.5064	0	7.8932	1.0324	0.523	1.2219	0	0.0184	0	0	0
0.1777	0.3903	0.0133	0.0977	0	1.6044	0	0.0211	0	0.0067	0.7672	0.1639	0	11.1195	0.0571	0.0559	0.0295	0.0159	0	0.1761	0.1546	0	1.7104	0.1816	0.2252	0	1.1444	0.3842	4.1551	0	0.3695	1.9527	0.0309	2.6667	0	0.174	0	0.1516	0
0.732	1.6583	0.0469	0.6469	0.4474	0.3754	0.0753	3.2072	0.1254	0.0887	2.7581	0.1205	0.0505	9.199	0.42	0.0617	0.0109	0.469	0.2629	1.8128	0.7956	0.0541	5.6115	1.8317	0.1104	0.0626	0.7627	0.0706	2.619	0	3.3288	0.8975	0.2046	1.7976	0	0	0.5353	0.0557	0
0.4529	1.3419	0.0097	0	0	0.1327	0.1398	0.2685	0.0716	0.244	0.2327	0.179	0.0937	2.07	0.026	0.1018	0.047	0.2612	0.3003	1.4957	1.266	0.0446	2.754	1.0154	0.1366	0.0774	1.2043	1.5212	1.8908	0.47	2.8587	1.629	0.1407	1.7191	0	0.0396	0.9465	0.0345	0
0.7054	1.2048	0.0105	0.3103	0.0439	0.1737	0.0406	0.3345	0.2394	0.1649	6.969	0.026	0	3.2094	0.068	0.1887	0.0351	0.0759	0.371	5.6839	1.5948	0.1279	4.9082	1.4416	0.1192	0.1182	1.9303	0.5032	2.238	0.2733	3.0065	1.8728	0.3435	3.3514	0.0161	0.1036	0.1651	0.0602	0
0.8324	1.7299	0.0161	0.4238	0	0.2213	2.931	0.1096	0.1137	0.186	4.4354	0.1421	0.0893	14.9025	0	0.2183	0.0256	0.1521	0.2146	3.8176	2.2786	0.0942	9.0136	1.5751	0.2604	0.0369	1.6437	0.5998	9.0083	0	3.3648	4.0923	0.5897	2.4089	0.0353	0.0566	0.9921	0.0986	0
3.539	0.2076	0.0025	0	0.053	7.3996	10.6862	0.0403	0.0251	0	2.9375	0	0	9.1925	0.4648	0.0268	0.0071	0.0153	7.2907	48.7691	28.7021	0.0034	13.0979	2.3099	0.2156	0.1221	0.2396	0.0184	27.5578	0	80.12	12.6169	0.2959	1.0636	0	0.0416	0	0.3265	0
0.7758	0.334	0.0051	0.6274	0.1065	0.1404	0.2465	0.1893	0.0084	0.1119	1.5868	0.0631	0.0441	6.002	0.33	5.0367	0.0189	0.0512	0.1235	3.0141	0.8929	0.0202	3.3781	0.4164	0.1928	0.6142	6.4505	0.037	3.3339	2.0993	2.1941	1.0445	0.1587	1.997	0.013	0.2652	0.3338	0.1946	0
1.542	0.1881	0.0046	0	0.096	0.4745	1.355	0.0914	0.0114	0.0174	1.4051	0.0284	0	36.1749	0	0.0607	0	0.0553	1.5267	2.1387	1.0727	0.0334	8.903	10.8048	0.6513	0.1107	0.4964	0.3667	2.0599	0.2987	1.8434	0.7058	0.4023	2.0243	0	0	0.0902	0.0986	0
2.5819	1.2676	0.0094	0.6926	0	0.2584	6.1913	0.2239	0.0232	0.095	1.1325	0.0581	0.1216	17.4592	0.1518	0.2478	0	0.1836	10.3505	12.5292	6.571	0.0621	3.0299	0.5975	0.266	0.0753	0.8236	0.2552	1.3144	0.1525	14.6469	2.0178	0.2738	2.4604	0	0	0.7369	0.1343	0
1.6291	0.636	0.0073	0	0	0.5681	0.0704	0.0193	0	0.0184	0.625	0	0	7.0645	0.4188	0.0769	0.0203	0.0292	0	4.1962	3.9665	0.0128	4.1	1.2128	0.2064	0.078	4.0645	0.1761	1.4961	0	113.293	1.7151	0.2267	4.9901	0	0.0598	0	0.9032	0
0.4799	0.6439	0.0574	0.1319	0.5227	1.8949	0.0346	0.3128	0.0266	0.1221	2.3013	0.2876	0.0232	12.1099	0.0964	0.1133	0.0149	0.0753	0.2227	0.6338	0.2086	0.0497	2.3975	0.4903	0.2027	0.0431	1.231	0.9465	2.2034	0.1162	1.247	3.8439	0.2295	2.7747	0.0137	0.0294	0.5615	0.0512	0
0.1526	0.2482	0	0	0.0396	0.0522	0.0733	0.0301	0	0.0096	0.061	0.6098	0.0246	99.5315	0.0817	0.02	0.0264	0	0.0197	0.5039	0	0.0025	4.9888	1.3922	0	0.0152	0.307	0.7285	2.3357	0.1231	0.4627	1.5716	0.3981	0.477	0	0	0	0.0542	0
0.833	0.5081	0.0037	0	0.0381	0.0503	0.6176	0.0581	0.009	0.0046	0.4112	0.0226	0	116.1646	0.0984	0.0482	0	0	0.0568	1.9821	0.4261	0.0217	6.5283	2.8431	0.2587	0.2638	42.2678	0.1192	2.8635	0	6.2393	2.1868	0.5326	4.5944	0	0.015	0	0.1306	0
0.2358	0.1644	0	0	0	0.5874	0.0243	0	0.0249	0	0.727	2.1125	0	1.4369	0	0.0398	0.014	0.0151	0.0782	0.9456	0.4394	0.01	3.7403	2.09	0.498	0.2015	0.5422	0.0546	1.5469	0	3.0641	1.2336	0	1.79	0	0.1236	0.0986	0	0
0.3736	3.8358	0.007	0.3424	0.6297	0.0958	0.2915	0.4428	0.0115	1.2326	0.8958	0	0.3307	3.541	0.9754	0.1225	0.0194	0.2793	0.8428	4.0094	2.0303	0.0736	12.7894	0.2954	0.5259	0.2607	1.2214	0.4879	3.8987	0.4522	11.1647	1.6388	0.1895	3.7949	0.0178	0.0381	0.5465	0.1328	0
0.4281	1.0819	0.0114	0.0841	0	0.0314	0.2864	0.1813	0.0226	0.1038	1.3933	0.141	0	6.3047	0	0.0842	0.019	0.192	0.3548	1.8178	0.3989	0.0241	1.5846	0.5134	0.1937	0.0549	1.1999	0.1818	1.9149	0	1.9869	1.5398	0.2925	1.5294	0	0.0748	0.7157	0	0
0.2842	1.0786	0.0024	0	0	0.3239	0.2729	0.1497	0.6989	0.4227	2.1201	0.4659	0.0915	1.9081	0	0.1118	0	1.3455	0.8304	1.147	0.1373	0.0778	4.5579	5.2319	0.1334	0.0189	1.4613	0.4949	1.1864	0.1529	2.1336	0.9395	0.1647	2.5662	0	0.0966	0.4619	0.0337	0
0.5198	0.2195	0	0	0	0.0615	0	0.0237	0.0148	0.0038	0.3356	0.5531	0	9.2382	0.0321	0.0472	0.0041	0.0538	0.0155	0.6272	0.1738	0.002	2.2198	1.1674	0	0.0598	0.3218	0.0756	7.0105	0	2.4939	1.6015	0.226	3.1245	0	0	0	0.0213	0
2.8972	1.0904	0.0069	0.1695	0	0.411	5.8606	0.3288	0.0227	0.1511	0.5912	0.0853	0	1.6433	0.0248	0.2062	0.0256	0.6912	11.3235	26.3095	19.0282	0.1428	26.6921	1.3722	0.1302	0.0184	1.6433	0.2498	3.3451	0.1492	27.4729	1.7635	0.1608	3.8534	0	0.0189	0.7213	0.7887	0
0.4314	0.3684	0.0032	0	0	0.0442	0.435	0.1023	0	0.0325	0.931	0	0	1.84	0	0.0679	0.0269	0.0193	0.2336	2.7066	1.8756	0.0128	1.9159	1.5113	0	0.2322	0.7812	0.2798	2.341	0	3.6995	0.2962	0.1876	1.3484	0	0.0792	0	0	0
1.7161	0.1586	0	0	0.0405	0.5334	0.2247	0.0154	0.0192	0.0147	4.1149	0	0	1.2939	0.376	0.0205	0	0.0117	0.1408	5.7527	2.6	0.0077	3.4643	0.1328	0	1.9442	0.497	0.0141	3.1476	0	9.0544	0.8926	0.0226	1.0565	0	0	0	0.0277	0
0.8957	0.1951	0.0024	0	0.0498	0.2297	0	0.0379	0	0.0181	2.0711	0.059	0	8.4142	0.0771	0.0252	0	0	0	1.7958	1.1127	0.0189	5.683	0.2802	0.0676	0.0383	0.2575	0.121	4.6738	0	2.494	1.4643	0.306	3.0996	0	0	0	0	0
0.7591	0.6667	0.0114	0.2504	0	0.218	1.2684	0.2699	0.0336	0.0973	10.9208	0.084	0.0293	6.5831	0.122	0.0836	0.063	0.2315	0.5871	3.058	0.792	0.0628	5.5062	2.4155	0.7053	0.109	0.7636	0.3446	2.6616	0.147	4.1819	1.5288	0.396	2.2776	0.0174	0.0743	0.2665	0.1942	0
1.4548	1.0275	0.0229	0.2105	0.834	0.0785	0.1103	0.3177	0.0847	0.1155	2.2032	0	0.0739	9.2534	0	0.0301	0.0159	0	0.3553	3.0342	1.3316	0.0302	4.2507	0.3912	0.1617	0	1.0014	0.331	1.5981	0	3.7807	12.267	0.2663	3.3505	0.1751	0	0.672	0	0
3.4134	0.2328	0	0	0.2309	0.1957	0.0305	0	0	0.012	0.4067	0	0.0205	26.6018	0.0511	0.0334	0.0044	0.019	0.082	1.4702	0.5531	0.0146	5.7281	7.0873	6.1338	0.0507	0.2773	0.0344	0.4425	0	2.9201	3.2026	0.719	11.0004	0.0121	0	0	0.226	0
